0000000000000000000000000000000000000000
0000000000000000000000000000000000000000
0000000000000000011110000000000000000000
0000000000000000010010000000000000000000
0111111111100000110011000000000000000000
0100000000100000100001000001111100000000
0100000000111111100001111111000111000111
0100000000000000000000000000000001111100
0100000000000000000000000000000000000000
0100000001000000000000000000110000000000
0110000000000000000110000000000000000000
0110000000000000000110000000000000000000
0110000000000000000000000000000000000000
0110000000011000000000000000000000000000
0100000000000000000000000000000000000000
0100000000011000000000000000000000000000
0100000000000000000000000000000000001110
0101000001000000000011110000000000001011
0111100000011111110010010000000001001000
0000011110111111111110001111111100001000
0000000011100000000000000000000010011000
0000000000000000000000000000000001111000
0000000000000000000000000000000000100000
0000000000000000000000000000000000100000

