0000000000000010000001110000100000000000
0000000000000010000001110000100000000000
0000000000011110000000010000100000000000
0000000001110000000000011000100000000000
0000011111000000000000001111100000000000
0001110000000000000000000111100000000000
0111111110000000100000000001100000000000
1100111110000000000000000001111111111100
0000111110000000000000000000000000001100
0000111000000000000000000001100000001100
0000000000000110111111100000000000001100
0000000000000000111111100000000000001100
0000000000000000111111100000000000001100
0000000000000000011111000000000000111100
1100000000000000001110000000000001111100
0111000000000000000100110000000001000000
0111110000000000000000000000000001000000
0000110000000000000000000000001111000000
0000111111000000000000000011111000000000
0000000001110000000000000111111000000000
0000000000011110000000001110000000000000
0000000000011110000000111110000000000000
0000000000000010000000100000000000000000
0000000000000011100011100000000000000000

