0000000000000000000000011000011000000000
0000000000000000000000011000011100000000
0000000000000000000000011000011100000000
0000000000000000000000011000001111100000
0000000000000000000000010000000011100000
0000000000000000000000011100000000110000
0000000000000000000000011110000000010000
0000000000000000000000000011000000010000
0000000000000000000000000011000000010000
0000000000000000000000000011011000010000
0000000000000000000000011111000000110000
0000000000000000000001111110000000110000
0000000000000000000011110110000000110000
0000000000000000000111000000000001110000
0000000000000000011111000000000001100000
0000000000000011110000000000001111000000
0000000000000111110000000000011000000000
0000000001111111000000000000111000000000
0000001111011100000000110011110000000000
0000001111000000000000001110000000000000
0000001010000000000000111000000000000000
0000110000000000000001100000000000000000
0000111000000011000011000000000000000000
0000111111111111111100000000000000000000
