0000000000000000000000000000000000000000
0000000000000000000000000000000000000000
0000000000000011111100000000000000000000
0000111111100010000110000000000000000000
1110100000111110000010000000000000000000
0011100000001100000011111100000000000000
0011000000001100000011111111100000000000
0000000000000000000000000000110000000000
0000000000000000000000000000010000000000
0000000000000000000000000000011000000000
0000000000000000000000000000011000000000
0000000000000000000000000000011100000000
1110000000000000000000000000000110000000
0010000000000000000000000000000010000000
0011110000000000000000000000000010000000
0000010000111001100000000000000010010000
0000011000111000000000000000000001110000
0000001111111110000000000000000000010000
0000000000000011100000000000000000010000
0000000000000000100000000110000000010000
0000000000000000111111100000000000010000
0000000000000000000000100000000000100000
0000000000000000000000111111000000100000
0000000000000000000000000001111111100000
