0000110000000100000000000000000000000000
0000110000000100000000000000000000000000
0000110000000100000000000000000000000000
0001110000000110000011110000000000000000
0001110000000010000010010000000000000000
0001100000000010000010001100000000000000
0011100000000010000010000111000000000000
0010000000000010000010000101000000000000
1110000000000010000010000001111100000000
1100000000000010000010000000000110000000
1100000001000001111100011000000011111000
1100000000000000000000000000000000001110
1100000000000001111100000000000000000011
1100000000000001000100000110000000000000
1110000000000001000100000000000000000000
0011000000000001000100000000000000000000
0001111000000011000110000000000000000011
1000001100000011000110000000000000000111
0000000100000011000010000000100000001100
0000000110000011000010000000000000111000
0000000011110110000011000000000011100000
0000000000011100000001000001111110000000
0000000000000000000001000011000000000000
0000000000000000000001111110000000000000
