0000000000000000000000000000000000000000
0000000000000000000000000000000000000000
0000000000000000000000000000000000000000
0000000000000000000000000000000000000000
0000001111111111111111100000000000000000
0000001100001111111111111100000000000000
0000001100000001110000011111110000000000
0000001000000001110000000001111100000000
0000001000000111111000000000000111100000
0000001000000111111000000000000110111000
0000001000000000000000000100000000111110
0000001000000000000000000000000000000011
0000001000000000000000000001100000000000
0000001100000000000000000000000000000000
0000000100000010000000000000000000000000
0000000110000000000000000000000000000000
0000000011100000000000000000000000000001
1000000000100000000000000000000000000011
0000000000111000000000010000000000001100
0000000000001100000000000000000000110000
0000000000000100000000000000000001100000
0000000000000110000000000000000111000000
0000000000000010000000000000111100000000
0000000000000011100000000011100000000000
