0000000000111111110001111111100000000000
1111111111100000000000000000111111111111
0000100000000110000000001100000000010001
0000000000000110000000001100000000010000
0000000000000000000000000000000000000000
0010000000000000000000000000000000000100
0000000000000000001100000000000000000000
0000000000001000000000000000000000000000
0000000000111100000000000000000000000000
0000000000001100000000000000000000000000
0000000000000100000000000000000000000000
0000000011111111111111111111100000000000
0101111110000000000000000000111111111010
1111000000000000000000000000000000001111
0000000000000000000000000000000000000000
0000000000000000000000000000000000000000
0000000000000000000000000000000000000000
0000000000000000000000000000000000000000
0000000000000000000000000000000000000000
0000000000000000000000000000000000000000
0000000000000000000000000000000000000000
0000000000000000000000000000000000000000
0000000000000000000000000000000000000000
0000000000000000000000000000000000000000
