0000000000000000000000000000000000000000
1111000000000000000000000000000000000000
1111110000000000000000000000000000000000
0000001111111000000000000000000000000000
0000000011000100000000000000000000000000
0010000000000111111100000000000000000000
0011000000000000000011111111111100000000
0011000000000000000000001100000100000000
0001000011110000000000000000000111110000
0000000010010000000000110001100100111000
0000000001100000000010000000000000001000
0000000000000000000010000000000000001000
0000000000000110000000000000000000001000
0000000000000110000000000000000000001000
0000000000000000000001111000000000001000
0011000000000000000000111100000000001000
0011000000000000000000000000000000000100
0000000000000000000000000000000000000100
0000000010000011111101101111111000001100
0000000111111110000111111000001111111000
1100111100000000000000000000000000000000
1111100000000000000000000000000000000000
0000000000000000000000000000000000000000
0000000000000000000000000000000000000000
